0.2209446 0.3220208 0.1612318 0.2017299 0.2460449 0.3247561 0.1577073
0.1560713 0.3957925 0.1202340 0.1937059 0.2216613 0.1903652 0.2091322
0.2650573 0.1521541 0.2335115 0.2485542 0.1912776 0.1586650 0.2480227
0.2272637 0.2081045 0.1780227 0.1136894 0.3491354 0.2492810 0.1537479
0.2014491 0.1800998 0.2784234 0.1934769 0.2518569 0.2356036 0.1751646
0.1154159 0.2226799 0.2276604 0.3189849 0.1960434 0.2921029 0.1345283
0.1581159 0.2263245 0.2837426 0.1678569 0.2420518 0.3289103 0.1613044
0.1805888 0.1977703 0.1300053 0.1406181 0.4023847 0.2205034 0.2094455
0.1843576 0.1840653 0.2030835 0.2506325 0.1830745 0.2506345 0.1814233
0.1840127 0.2342432 0.2622477 0.1525951 0.2359756 0.1467296 0.1880645
0.1353558 0.2676480 0.2952781 0.2517467 0.2983431 0.1796377 0.1703107
0.1745433 0.1931451 0.2056884 0.1355087 0.1873117 0.1909492 0.2050643
0.2580281 0.1689409 0.1747248 0.2019345 0.1884843 0.2667227 0.2542000
0.1477487 0.2679211 0.1502124 0.2486440 0.2229051 0.2028483 0.2196139
0.2933087 0.2710342
 
